-6.836839020252227783e-02 1.917216777801513672e-01 1.247366666793823242e-01 7.317510247230529785e-02 -7.892528176307678223e-02 1.118986606597900391e-01
2.181669771671295166e-01 -6.747807562351226807e-02 -2.795985043048858643e-01 2.933541238307952881e-01 -5.967424809932708740e-02 1.829624176025390625e-03
2.996188104152679443e-01 2.997935116291046143e-01 1.096104383468627930e-01 2.664096057415008545e-01 -2.987106144428253174e-01 3.314140439033508301e-02
1.673670411109924316e-01 -2.136573195457458496e-01 -2.061378955841064453e-01 -1.609514653682708740e-01 -2.703647613525390625e-01 1.436808705329895020e-02
-2.897950708866119385e-01 -3.073278069496154785e-02 5.519086122512817383e-02 -1.758310198783874512e-02 5.303186178207397461e-02 1.401383876800537109e-01
-2.466156482696533203e-01 5.182296037673950195e-02 8.048412203788757324e-02 4.366517066955566406e-02 -1.528472453355789185e-01 -2.441579401493072510e-01
2.595119178295135498e-01 -2.964354753494262695e-01 2.289347350597381592e-01 -2.142840921878814697e-01 1.541436612606048584e-01 5.323779582977294922e-02
1.637402176856994629e-02 2.102531492710113525e-01 -4.795101284980773926e-02 -7.332278788089752197e-02 -2.468569129705429077e-01 2.388788163661956787e-01
7.764521241188049316e-02 9.341645240783691406e-02 2.275283038616180420e-01 3.738290071487426758e-02 -7.369501888751983643e-02 -1.560218930244445801e-01
1.744710206985473633e-01 4.202404618263244629e-02 -1.098424196243286133e-03 -2.232333719730377197e-01 1.581898331642150879e-02 7.069790363311767578e-02
-8.199517428874969482e-02 -1.551723927259445190e-01 -2.207751572132110596e-01 -2.460438311100006104e-01 1.380628943443298340e-01 -1.405839771032333374e-01
1.971976459026336670e-01 1.285068392753601074e-01 3.709197044372558594e-04 2.176875174045562744e-01 1.538761854171752930e-01 2.583643496036529541e-01
2.398407161235809326e-01 8.789762854576110840e-02 -2.707974314689636230e-01 2.095122039318084717e-01 1.377346217632293701e-01 -4.197186231613159180e-02
-2.165260910987854004e-01 2.800174057483673096e-01 -2.882551848888397217e-01 8.627116680145263672e-02 1.197590529918670654e-01 8.122894167900085449e-02
1.413209140300750732e-01 -2.731039524078369141e-01 1.358559429645538330e-01 1.566883027553558350e-01 6.573548913002014160e-02 9.796074032783508301e-02
1.710456013679504395e-01 -1.876181811094284058e-01 -1.108913868665695190e-01 2.486713230609893799e-01 -7.231573760509490967e-02 -2.984124720096588135e-01
-9.141369163990020752e-02 2.741173207759857178e-01 1.100158095359802246e-01 1.355713903903961182e-01 3.007372319698333740e-01 -2.610043883323669434e-01
1.933082044124603271e-01 -1.372441202402114868e-01 -1.877357959747314453e-01 -1.159369647502899170e-01 -3.773897886276245117e-03 -1.308073103427886963e-01
1.985416710376739502e-01 1.732544600963592529e-01 2.485726177692413330e-01 -2.799282371997833252e-01 2.575317919254302979e-01 -6.961084902286529541e-02
-2.666949331760406494e-01 2.007481753826141357e-01 1.977530419826507568e-01 1.611678302288055420e-01 1.100673675537109375e-01 2.170694172382354736e-01
-2.143366634845733643e-01 -1.158429384231567383e-01 3.950619697570800781e-02 2.490981519222259521e-01 -1.652008295059204102e-02 1.614426970481872559e-01
2.137670814990997314e-01 1.242642700672149658e-01 2.707600295543670654e-01 -1.377549767494201660e-01 -1.938825845718383789e-02 -2.200487256050109863e-01
-2.262584269046783447e-01 -1.643258482217788696e-01 -1.634366214275360107e-01 -2.961861789226531982e-01 5.219542980194091797e-02 -2.408175170421600342e-01
-1.163953393697738647e-01 2.436937391757965088e-01 8.165797591209411621e-02 -2.482567727565765381e-01 -3.032508790493011475e-01 -2.163823544979095459e-01
-1.804812103509902954e-01 1.422177255153656006e-01 -2.208807766437530518e-01 -2.770664691925048828e-01 2.435031831264495850e-01 -5.959306657314300537e-02
1.623833775520324707e-01 1.622483134269714355e-01 -7.447575032711029053e-02 1.706094443798065186e-01 2.897706329822540283e-01 -1.109368652105331421e-01
-2.491389065980911255e-01 1.438822746276855469e-01 -2.046644538640975952e-01 -4.899924993515014648e-02 1.582106053829193115e-01 2.677380144596099854e-01
-5.724245309829711914e-02 1.379771828651428223e-01 -1.938979774713516235e-01 1.537528932094573975e-01 1.128261089324951172e-01 8.488276600837707520e-02
1.806964278221130371e-01 -2.919085621833801270e-01 -6.103044748306274414e-02 2.359680235385894775e-01 -1.117744743824005127e-01 -2.807678282260894775e-01
-1.521979868412017822e-01 2.335933148860931396e-01 1.655256152153015137e-01 -8.303564786911010742e-02 -1.190561205148696899e-01 -1.021200120449066162e-01
-2.454311400651931763e-01 3.043396174907684326e-01 -1.292380839586257935e-01 2.971374988555908203e-02 -1.151116192340850830e-01 9.694054722785949707e-02
3.833153843879699707e-02 -3.827261924743652344e-02 -5.224287509918212891e-02 3.035533130168914795e-01 -1.938588470220565796e-01 2.939492762088775635e-01
-2.359703183174133301e-02 -2.642688453197479248e-01 -2.471278905868530273e-01 -8.699525892734527588e-02 3.796106576919555664e-02 -2.549192309379577637e-01
-2.672460079193115234e-01 -2.368330657482147217e-01 -1.390178948640823364e-01 2.551470100879669189e-01 2.526480257511138916e-01 5.848303437232971191e-02
-1.790850162506103516e-01 1.178824305534362793e-01 1.145431697368621826e-01 -1.529612690210342407e-01 2.850082218647003174e-01 1.099790930747985840e-01
2.887502014636993408e-01 -1.185356378555297852e-01 -1.597560942173004150e-01 -4.351523518562316895e-02 -2.030834108591079712e-01 7.505273818969726562e-02
-2.029273360967636108e-01 -9.409886598587036133e-02 -9.669074416160583496e-02 2.418679893016815186e-01 2.642290294170379639e-01 2.229215204715728760e-01
2.708376348018646240e-01 2.671612799167633057e-01 -4.306918382644653320e-02 5.524814128875732422e-02 2.952814102172851562e-04 6.647336483001708984e-02
2.830510437488555908e-01 -2.234157323837280273e-01 2.345182001590728760e-01 1.455656588077545166e-01 -1.110982000827789307e-01 -3.437981009483337402e-02
3.315973281860351562e-02 9.677737951278686523e-03 1.953562796115875244e-01 1.351225376129150391e-02 1.071920096874237061e-01 2.865349948406219482e-01
-4.184943437576293945e-02 -2.346816658973693848e-01 2.969133555889129639e-01 4.174670577049255371e-02 1.878842115402221680e-01 -2.692747712135314941e-01
-2.824552357196807861e-01 -1.419715583324432373e-01 -2.881715297698974609e-01 2.198642790317535400e-01 3.213533759117126465e-02 -1.352613568305969238e-01
-1.085722446441650391e-02 1.683581769466400146e-01 9.962245821952819824e-02 2.879144847393035889e-01 -1.036541163921356201e-01 -5.967679619789123535e-02
-2.810972630977630615e-01 1.180395185947418213e-01 -3.793537616729736328e-03 4.783642292022705078e-02 -2.752155661582946777e-01 1.444948911666870117e-01
1.249163746833801270e-01 1.800185441970825195e-01 6.518664956092834473e-02 2.321678698062896729e-01 -1.037831157445907593e-01 2.665261328220367432e-01
-3.002873659133911133e-01 2.379852533340454102e-02 -2.403567284345626831e-01 1.002980768680572510e-01 2.198898494243621826e-01 3.044858872890472412e-01
-2.805361151695251465e-01 2.503420412540435791e-01 -1.428189575672149658e-01 -3.387910127639770508e-02 -1.467033773660659790e-01 -9.891901910305023193e-02
-1.704080998897552490e-01 2.507226765155792236e-01 -1.386425197124481201e-01 -2.316752076148986816e-01 2.153344452381134033e-01 -7.002250850200653076e-02
1.164880394935607910e-01 -1.279404312372207642e-01 4.698222875595092773e-02 -2.743846774101257324e-01 -6.127369403839111328e-02 -1.058183610439300537e-01
-1.430335789918899536e-01 -1.088829189538955688e-01 -9.884113073348999023e-02 1.684916317462921143e-01 2.029072344303131104e-01 -1.428223103284835815e-01
1.301977038383483887e-02 -1.129542291164398193e-01 -2.555706799030303955e-01 -1.056625097990036011e-01 -1.149403601884841919e-01 1.556939780712127686e-01
1.560840904712677002e-01 1.074505746364593506e-01 2.141700685024261475e-01 1.325263977050781250e-01 -1.222570538520812988e-01 -2.205131500959396362e-01
-2.480613440275192261e-01 -1.474776268005371094e-01 2.674513161182403564e-01 -6.744156777858734131e-02 -1.970559358596801758e-02 -1.845762431621551514e-01
-1.944589018821716309e-01 -6.469164788722991943e-02 9.263959527015686035e-02 8.903008699417114258e-02 -2.240515649318695068e-01 -3.617823123931884766e-03
-2.606485188007354736e-01 1.517209112644195557e-01 -2.651479840278625488e-01 2.157995104789733887e-02 -2.301064431667327881e-01 -2.238367795944213867e-01
-2.423391342163085938e-01 -8.830934762954711914e-03 -4.039138555526733398e-02 8.330157399177551270e-02 -7.014499604701995850e-02 3.916883468627929688e-02
-1.141399145126342773e-02 1.626781523227691650e-01 -1.282763481140136719e-02 -2.473510503768920898e-01 -1.341616064310073853e-01 7.836312055587768555e-03
1.064500510692596436e-01 1.592990458011627197e-01 7.183262705802917480e-02 7.295477390289306641e-02 7.690951228141784668e-02 1.085639894008636475e-01
1.754440367221832275e-01 -1.367843002080917358e-01 7.202884554862976074e-02 3.050883114337921143e-01 2.158820629119873047e-02 1.377257704734802246e-02
3.180602192878723145e-02 -1.419390738010406494e-01 1.822027266025543213e-01 1.985327303409576416e-01 2.512078583240509033e-01 -2.456501424312591553e-01
2.451297342777252197e-01 9.067332744598388672e-02 2.279238402843475342e-01 7.033583521842956543e-02 2.179514467716217041e-01 3.057278096675872803e-01
-1.708383709192276001e-01 -5.232688784599304199e-02 2.612526118755340576e-01 -7.572054862976074219e-03 -7.442115247249603271e-02 2.286852896213531494e-01
1.602658629417419434e-01 -1.492437720298767090e-02 5.468124151229858398e-02 -2.468366920948028564e-01 -7.279236614704132080e-02 -1.525523215532302856e-01
2.851565182209014893e-01 -1.288757175207138062e-01 -3.065598011016845703e-02 -1.896960735321044922e-01 -2.049114108085632324e-01 1.606831252574920654e-01
