4.812457859516143799e-01
2.719205021858215332e-01
7.259621471166610718e-02
3.166594803333282471e-01
2.529139518737792969e-01
1.308218538761138916e-01
-6.783958673477172852e-01
2.027362883090972900e-01
2.550650238990783691e-01
6.714044213294982910e-01
6.075583100318908691e-01
4.229081273078918457e-01
2.251553684473037720e-01
1.796834021806716919e-01
-2.654517292976379395e-01
2.511900961399078369e-01
2.290234267711639404e-01
6.433210521936416626e-02
2.029603570699691772e-01
3.907569646835327148e-01
6.944114714860916138e-02
1.229803487658500671e-01
2.524226307868957520e-01
3.977186977863311768e-01
4.554851055145263672e-01
2.967288792133331299e-01
-8.550363034009933472e-02
1.067869961261749268e-01
1.898276507854461670e-01
7.844581007957458496e-01
-2.185641229152679443e-01
3.736175894737243652e-01
5.605488419532775879e-01
5.019144415855407715e-01
5.013673901557922363e-01
5.065820813179016113e-01
-2.083384804427623749e-02
2.997128665447235107e-01
-3.937924206256866455e-01
4.215106368064880371e-01
5.245248675346374512e-01
2.978997528553009033e-01
5.168670415878295898e-01
1.784172356128692627e-01
-3.565772771835327148e-01
2.551952302455902100e-01
5.191271305084228516e-01
3.465819656848907471e-01
2.903414070606231689e-01
-8.030263707041740417e-03
6.757264733314514160e-01
2.136054933071136475e-01
1.947725713253021240e-01
2.276793355122208595e-03
1.262418627738952637e-01
4.901975765824317932e-02
-3.023483753204345703e-01
5.118481442332267761e-02
2.834490537643432617e-01
4.766883552074432373e-01
-4.784981310367584229e-01
3.198793828487396240e-01
6.752634644508361816e-01
4.801014661788940430e-01
