1.655067354440689087e-01 -5.306510720402002335e-03 -6.107508018612861633e-02 9.478246420621871948e-02 5.395326614379882812e-01 2.046321481466293335e-01
-4.238384068012237549e-01 3.348703086376190186e-01 1.853688955307006836e-01 -1.319828778505325317e-01 -1.091110259294509888e-01 4.569258689880371094e-01
-1.067462936043739319e-02 2.212434262037277222e-02 1.979470998048782349e-01 3.941208124160766602e-02 -6.897814869880676270e-01 -1.288442611694335938e-01
1.107862964272499084e-01 -6.605201214551925659e-02 -4.450100287795066833e-02 7.484667003154754639e-02 4.221836328506469727e-01 1.282667994499206543e+00
-1.315356343984603882e-01 -1.792365461587905884e-01 -1.215316802263259888e-01 2.863339900970458984e+00 1.259991765022277832e+00 1.168981194496154785e-01
-1.861994154751300812e-02 -8.484846353530883789e-02 -1.823180079460144043e+00 -1.140540957450866699e+00 5.434662476181983948e-02 -9.837207198143005371e-02
9.660573303699493408e-02 2.038937509059906006e-01 -8.272909559309482574e-03 -4.312394931912422180e-02 2.285162359476089478e-01 4.229053854942321777e-01
2.884760126471519470e-02 1.297700311988592148e-02 1.844006963074207306e-02 1.014743000268936157e-01 1.310273166745901108e-02 -1.075995326042175293e+00
6.530207395553588867e-01 -4.534559547901153564e-01 6.932899355888366699e-02 -2.806134149432182312e-02 -1.551411896944046021e-01 1.407622247934341431e-01
-3.297568559646606445e-01 2.785146534442901611e-01 -1.167310178279876709e-01 1.911142766475677490e-01 3.583787977695465088e-01 9.133600443601608276e-02
-5.939967632293701172e-01 3.400991261005401611e-01 8.685449510812759399e-02 -1.418496072292327881e-01 -2.077950388193130493e-01 -3.915969133377075195e-01
4.560003057122230530e-02 6.199134886264801025e-02 1.646643131971359253e-01 -3.022585250437259674e-02 -1.857148885726928711e+00 -1.069826036691665649e-01
7.439967244863510132e-03 -1.546575408428907394e-02 -3.926029205322265625e-01 -6.515534594655036926e-03 1.389276236295700073e-01 8.722867816686630249e-02
2.684010751545429230e-02 2.193854935467243195e-02 -1.751075536012649536e-01 7.474350929260253906e-01 -3.977329730987548828e-01 -2.547671318054199219e+00
-3.492881357669830322e-02 5.265881493687629700e-02 7.311758399009704590e-02 4.693846777081489563e-02 -1.904238343238830566e+00 8.161133527755737305e-02
-3.789634406566619873e-01 4.375427961349487305e-01 -2.636593207716941833e-02 1.661235392093658447e-01 -3.175211846828460693e-01 3.228621557354927063e-02
5.093268156051635742e-01 5.164421796798706055e-01 1.372066438198089600e-01 8.406416326761245728e-02 1.633509993553161621e-01 5.369369685649871826e-02
-1.146621555089950562e-01 -4.919125232845544815e-03 1.244580984115600586e+00 -4.475832581520080566e-01 -1.303811311721801758e+00 -9.316436648368835449e-01
9.118157625198364258e-02 2.763471007347106934e-02 4.307043179869651794e-02 9.869433194398880005e-02 1.467766910791397095e-01 -5.531678795814514160e-01
3.622564300894737244e-02 -1.987129822373390198e-02 3.299304842948913574e-01 -3.193962574005126953e-01 8.601686358451843262e-01 1.949933648109436035e+00
7.744316756725311279e-02 -6.031592935323715210e-02 4.340147018432617188e+00 -6.222643256187438965e-01 -3.315690755844116211e-01 9.822540283203125000e-01
7.595954090356826782e-02 2.123628277331590652e-03 -8.999443054199218750e-01 -6.028532981872558594e-01 -5.474272370338439941e-01 1.814221404492855072e-02
5.253588408231735229e-02 -7.431608438491821289e-02 2.126828394830226898e-02 1.711971759796142578e+00 1.368596125394105911e-02 6.712269037961959839e-02
2.145407907664775848e-02 -1.644131168723106384e-02 8.712633699178695679e-02 1.478139311075210571e-01 -5.333463549613952637e-01 -3.981340527534484863e-01
-8.369433134794235229e-02 2.964619733393192291e-02 3.084527514874935150e-02 6.032409071922302246e-01 -2.274321615695953369e-01 -1.026992723345756531e-01
1.081125661730766296e-01 -1.501287799328565598e-02 1.057028293609619141e+00 -2.506026066839694977e-04 1.875270009040832520e-01 -2.834348678588867188e-01
1.488341204822063446e-02 1.722527854144573212e-02 -5.625129677355289459e-03 7.182592153549194336e-02 1.551650047302246094e+00 4.471154138445854187e-02
-2.882686555385589600e-01 -2.843857109546661377e-01 3.531490638852119446e-02 2.546044811606407166e-02 -1.215265095233917236e-01 7.539108991622924805e-01
1.043859347701072693e-01 -1.481478512287139893e-01 -5.588089674711227417e-02 6.230279803276062012e-03 1.876174956560134888e-01 5.779723525047302246e-01
1.493317191489040852e-03 1.361376345157623291e-01 1.920550502836704254e-02 2.787938416004180908e-01 -1.618460714817047119e-01 5.478392243385314941e-01
-2.360249124467372894e-02 -1.034056884236633778e-03 6.097928807139396667e-02 1.807607826776802540e-03 -6.906710267066955566e-01 -5.305293947458267212e-02
-1.224475651979446411e-01 -8.708061277866363525e-02 2.630667686462402344e-01 8.467934280633926392e-02 -1.154193207621574402e-01 -1.266545891761779785e+00
1.086364462971687317e-01 1.298787593841552734e-01 5.779353156685829163e-02 1.570798039436340332e+00 -9.324193000793457031e-01 -3.753605782985687256e-01
9.580513834953308105e-02 9.055356495082378387e-04 -2.953557372093200684e-01 2.601742267608642578e+00 4.464637935161590576e-01 -9.886457920074462891e-01
1.057487260550260544e-02 4.495063796639442444e-02 -4.226806759834289551e-01 4.799229621887207031e+00 3.569239377975463867e-01 -6.454202532768249512e-01
5.599964410066604614e-02 1.669918745756149292e-01 -1.229014843702316284e-01 -1.221462525427341461e-02 8.779062773101031780e-04 -5.508549809455871582e-01
-3.959178179502487183e-02 2.536698430776596069e-02 -2.682131156325340271e-02 -3.972122967243194580e-01 -2.418665438890457153e-01 -2.039592266082763672e-01
-2.317417114973068237e-01 4.078567624092102051e-01 -1.754635423421859741e-01 2.344930320978164673e-01 -9.201670438051223755e-02 -2.922019660472869873e-01
-6.777279824018478394e-02 -1.478808373212814331e-01 -1.161006838083267212e-01 5.370958894491195679e-02 6.954277157783508301e-01 4.334298372268676758e-01
5.207351446151733398e-01 -3.688530325889587402e-01 1.458991616964340210e-01 2.264421433210372925e-01 -1.177764162421226501e-01 -8.852395415306091309e-02
6.314767897129058838e-02 -2.731587737798690796e-02 2.100207328796386719e+00 3.306038975715637207e-01 -9.709603190422058105e-01 -5.951122641563415527e-01
1.455780863761901855e-01 2.121397703886032104e-01 2.343368768692016602e+00 -2.727949321269989014e-01 6.349692344665527344e-01 2.358837842941284180e+00
9.564200043678283691e-02 3.058796562254428864e-02 -1.403793692588806152e-01 9.370840191841125488e-01 2.330200433731079102e+00 4.581093788146972656e-01
3.361988440155982971e-02 6.272900849580764771e-03 -5.645508766174316406e-01 5.363959312438964844e+00 5.922963023185729980e-01 -7.949916720390319824e-01
1.689528822898864746e-01 2.327353507280349731e-01 9.075174480676651001e-02 -2.392827719449996948e-01 -1.162230852060019970e-03 -2.165564335882663727e-02
3.647199273109436035e-01 -6.997044086456298828e-01 -9.339951910078525543e-03 7.913744077086448669e-03 -1.396622695028781891e-02 -1.474673897027969360e-01
-2.370767761021852493e-03 -4.187605902552604675e-02 -2.167949080467224121e-02 3.935169875621795654e-01 -4.411287009716033936e-01 -1.676227688789367676e+00
1.169921606779098511e-01 2.096640318632125854e-02 -1.788505166769027710e-01 4.624191522598266602e-01 4.026156365871429443e-01 5.913817286491394043e-01
-2.117061614990234375e-01 3.623053431510925293e-01 8.447200655937194824e-01 2.185158878564834595e-01 -7.701881229877471924e-02 -8.469285443425178528e-03
1.615565419197082520e-01 -2.554638385772705078e-01 -2.667452022433280945e-02 -4.826336354017257690e-02 -7.336238771677017212e-02 -2.848956882953643799e-01
-6.822807788848876953e-01 4.401833117008209229e-01 1.968709677457809448e-01 1.581317633390426636e-01 2.360496371984481812e-01 -3.788331151008605957e-02
2.481703273952007294e-02 1.107810959219932556e-01 2.258269786834716797e+00 -2.741864919662475586e-01 6.181712150573730469e-01 1.780683994293212891e+00
-6.869292259216308594e-02 -1.211099550127983093e-01 5.468193888664245605e-01 1.629239320755004883e-01 3.914041817188262939e-01 1.005957603454589844e+00
6.345239281654357910e-02 2.782707847654819489e-02 8.254571557044982910e-01 3.606381360441446304e-03 5.570580810308456421e-02 -4.821300506591796875e-02
-4.505777731537818909e-02 1.090703904628753662e-01 5.001963973045349121e-01 -2.129138819873332977e-02 1.530455470085144043e+00 -3.321745246648788452e-02
1.879604347050189972e-02 3.163243085145950317e-02 3.612836599349975586e+00 4.706677515059709549e-03 -1.583955287933349609e+00 -5.258007049560546875e-01
2.965862452983856201e-01 -6.001907587051391602e-01 2.820239663124084473e-01 1.869955509901046753e-01 1.348743587732315063e-01 -7.604982703924179077e-02
6.823840085417032242e-03 1.519826985895633698e-02 9.675589390099048615e-03 -3.412305712699890137e-01 5.958916544914245605e-01 -3.043467551469802856e-02
-8.253364264965057373e-02 -2.098938524723052979e-01 -3.644748404622077942e-02 4.755705595016479492e-02 -8.402239084243774414e-01 -1.017186641693115234e-01
8.896565437316894531e-02 1.227848678827285767e-01 1.180661842226982117e-02 7.953003048896789551e-01 1.699812650680541992e+00 3.480866849422454834e-01
-5.016264691948890686e-02 -9.197963029146194458e-02 2.795108854770660400e-01 9.362786263227462769e-02 1.032146587967872620e-01 9.393528103828430176e-01
-5.388940498232841492e-02 -4.549494385719299316e-02 7.926353812217712402e-02 2.732670605182647705e-01 3.320235060527920723e-03 6.719509959220886230e-01
-1.128244865685701370e-02 4.912216681987047195e-03 6.403250247240066528e-02 -3.951315283775329590e-01 9.403426945209503174e-02 1.271573901176452637e-01
1.490514352917671204e-02 -1.640901202335953712e-03 5.418347835540771484e+00 -4.823794662952423096e-01 -9.477757215499877930e-01 4.166678488254547119e-01
