1.469007283449172974e-01 -1.660306006669998169e-01 5.263580679893493652e-01 -2.676584422588348389e-01 9.526005946099758148e-03 -5.550608970224857330e-03
-9.598066098988056183e-03 1.022944692522287369e-02 1.975215971469879150e-01 1.339932084083557129e+00 1.668179273605346680e+00 -2.636361718177795410e-01
5.153236538171768188e-02 -1.171929389238357544e-02 -2.139170885086059570e+00 2.630946338176727295e-01 -6.543063372373580933e-02 -1.501221209764480591e-01
-4.103405773639678955e-02 2.793811820447444916e-02 -1.813960224390029907e-01 1.896962225437164307e-01 4.971397519111633301e-01 -3.717818558216094971e-01
4.267992824316024780e-02 -1.001828685402870178e-01 5.431160330772399902e-01 -1.097652018070220947e-01 1.005431562662124634e-01 1.475723683834075928e-01
2.952658804133534431e-03 -7.617714349180459976e-03 1.866842508316040039e+00 -2.092736810445785522e-01 3.980328515172004700e-02 2.240858674049377441e-01
-1.049036309123039246e-01 8.986768871545791626e-02 4.208880960941314697e-01 -1.574759244918823242e+00 1.384270906448364258e+00 2.603500783443450928e-01
2.062513865530490875e-02 -6.343904882669448853e-02 -3.255459666252136230e-02 -6.912624835968017578e-01 1.035050675272941589e-01 -1.510891597718000412e-02
3.770742565393447876e-02 2.381665166467428207e-03 1.156246289610862732e-01 -3.544557392597198486e-01 -1.565069407224655151e-01 1.410638213157653809e+00
7.867379114031791687e-03 2.610098943114280701e-02 -1.895596981048583984e-01 -5.333551168441772461e-01 -2.118781805038452148e-01 -1.744211763143539429e-01
-1.593991518020629883e-01 -1.846585720777511597e-01 -4.078038632869720459e-01 9.773561954498291016e-01 -3.655188679695129395e-01 -3.149654865264892578e-01
3.000492453575134277e-01 2.239895761013031006e-01 5.089291930198669434e-01 -1.029276490211486816e+00 1.294439435005187988e-01 4.734361916780471802e-02
-2.807758152484893799e-01 2.936756312847137451e-01 -8.067057281732559204e-02 -4.610221460461616516e-02 7.969620078802108765e-02 8.300443291664123535e-01
-1.129793822765350342e-01 1.614418625831604004e-01 -1.292209178209304810e-01 5.911971926689147949e-01 1.325037181377410889e-01 9.919719398021697998e-02
3.054801002144813538e-02 -1.025523710995912552e-02 -1.141760870814323425e-01 -2.007695734500885010e-01 -3.611002564430236816e-01 1.208525657653808594e+00
9.129334986209869385e-02 -3.614325225353240967e-01 -1.011665686964988708e-01 -3.866830468177795410e-01 -2.598758088424801826e-03 -3.020850121974945068e-01
4.504385218024253845e-02 2.919207885861396790e-02 -1.810274004936218262e+00 1.440328806638717651e-01 -6.405115127563476562e-03 -3.155439347028732300e-02
-1.022490039467811584e-01 2.973712384700775146e-01 4.703244939446449280e-02 -1.893248409032821655e-01 9.212141633033752441e-01 2.235771268606185913e-01
5.024380981922149658e-02 1.965142786502838135e-03 -3.653356432914733887e-01 1.341931372880935669e-01 4.069979190826416016e-01 1.529808878898620605e+00
2.466985769569873810e-02 -3.805837780237197876e-02 1.069792211055755615e-01 6.573470830917358398e-01 -1.217575594782829285e-01 -9.190218150615692139e-02
-2.146282047033309937e-02 1.302048563957214355e-02 7.991345226764678955e-02 9.076456725597381592e-02 -4.904148280620574951e-01 -3.039522767066955566e-01
-9.244652092456817627e-02 -5.175086483359336853e-02 1.578111171722412109e+00 -1.672246903181076050e-01 -1.045756042003631592e-01 -2.963242530822753906e-01
-4.159123450517654419e-02 2.155007608234882355e-02 -1.073606871068477631e-02 -1.673596143722534180e+00 7.871636003255844116e-02 1.659042201936244965e-02
5.956038832664489746e-02 -9.189564734697341919e-02 -6.100065708160400391e-01 -5.221361666917800903e-02 1.477131366729736328e+00 -1.303144842386245728e-01
6.228439137339591980e-02 -1.135005522519350052e-02 3.541305661201477051e-01 -2.465828359127044678e-01 3.726089298725128174e-01 1.522693634033203125e+00
-1.088822335004806519e-01 8.266995102167129517e-02 -9.414535760879516602e-01 5.544529855251312256e-02 -2.466881275177001953e-01 2.525003850460052490e-01
-1.024135798215866089e-01 -2.221493748947978020e-03 4.949587583541870117e-01 -2.069346189498901367e+00 2.913039624691009521e-01 2.591570913791656494e-01
-1.261827051639556885e-01 2.715337462723255157e-02 9.657147526741027832e-02 1.373785614967346191e+00 2.110229730606079102e+00 7.249748110771179199e-01
1.704313047230243683e-02 6.848215311765670776e-02 -5.940607190132141113e-01 8.531948179006576538e-02 1.389824002981185913e-01 3.476588428020477295e-01
-2.096149697899818420e-02 7.483725249767303467e-02 1.525835275650024414e+00 6.075717136263847351e-02 2.548424005508422852e-01 2.120528221130371094e+00
7.476389408111572266e-01 -3.531490266323089600e-01 -9.835632890462875366e-02 3.789942339062690735e-02 2.375743836164474487e-01 7.870185375213623047e-02
-1.896630600094795227e-02 -5.319239571690559387e-02 2.228958129882812500e+00 -2.663819491863250732e-01 1.331140100955963135e-01 -2.205274254083633423e-01
6.471925377845764160e-01 -5.949206352233886719e-01 -2.875466942787170410e-01 9.633764624595642090e-02 -9.572775661945343018e-02 3.696290403604507446e-02
-5.819055438041687012e-02 -8.743903785943984985e-02 -1.100112050771713257e-01 8.481967449188232422e-01 7.377826422452926636e-02 1.067714914679527283e-01
-1.786251068115234375e-01 -1.674068868160247803e-01 1.403113305568695068e-01 3.693351894617080688e-02 7.983981966972351074e-01 6.005201339721679688e-01
4.493313655257225037e-02 1.116833612322807312e-01 2.307306528091430664e+00 -4.059249460697174072e-01 1.828522980213165283e-01 -1.519520133733749390e-01
3.372139530256390572e-03 -5.230992659926414490e-02 5.281671285629272461e-01 1.480779647827148438e-01 4.294219911098480225e-01 7.687344551086425781e-01
2.666116924956440926e-03 -6.760811433196067810e-03 6.227552657946944237e-04 1.227294281125068665e-01 -4.933662712574005127e-01 -3.258977234363555908e-01
-4.367610439658164978e-03 1.482296921312808990e-02 -2.467617511749267578e+00 2.859165668487548828e-01 3.363738656044006348e-01 6.116467714309692383e-02
-8.527108468115329742e-03 8.375829458236694336e-02 -9.912192225456237793e-01 -3.151706755161285400e-01 7.768044471740722656e-01 -7.301481813192367554e-02
-5.120576918125152588e-02 7.982166111469268799e-02 1.586254388093948364e-01 -6.116070747375488281e-01 -7.482583820819854736e-02 -2.856724858283996582e-01
6.614657044410705566e-01 -5.930817723274230957e-01 -1.009692102670669556e-01 2.620801627635955811e-01 3.391662612557411194e-02 8.167890459299087524e-02
4.929420351982116699e-02 3.662245348095893860e-03 -2.330358743667602539e+00 1.672183573246002197e-01 6.138832867145538330e-02 3.482734560966491699e-01
-7.335112094879150391e-01 7.573057413101196289e-01 -1.388173997402191162e-01 -1.716652065515518188e-01 3.011321090161800385e-02 -3.972903266549110413e-02
1.373396813869476318e-01 2.144756317138671875e-01 8.261869102716445923e-02 1.476390004158020020e+00 1.057213544845581055e-01 9.630338102579116821e-02
1.568681299686431885e-01 -1.312717050313949585e-01 -1.716609895229339600e-01 3.432818651199340820e-01 2.538731098175048828e-01 5.755390524864196777e-01
-4.790515825152397156e-02 -1.619348227977752686e-01 3.768690228462219238e-01 -2.697146892547607422e+00 5.156010389328002930e-01 5.683718323707580566e-01
-6.075338125228881836e-01 6.860583424568176270e-01 -5.073094367980957031e-02 2.496672868728637695e-01 3.560085967183113098e-02 5.667461082339286804e-03
-4.196422174572944641e-02 1.559630967676639557e-02 -3.395476639270782471e-01 2.224967479705810547e+00 1.862649172544479370e-01 3.586669862270355225e-01
3.577200695872306824e-02 -3.359504044055938721e-02 -3.070484399795532227e-01 2.100798130035400391e+00 2.551236450672149658e-01 1.238842755556106567e-01
3.077257275581359863e-01 -4.052883684635162354e-01 -6.212806329131126404e-03 -9.188879281282424927e-02 1.188341751694679260e-01 5.638300180435180664e-01
-1.084488034248352051e-01 6.511539220809936523e-02 2.026855051517486572e-01 7.297712564468383789e-01 -2.812820114195346832e-02 5.715318769216537476e-02
-6.620291471481323242e-01 6.025212407112121582e-01 1.160439178347587585e-01 -1.926625147461891174e-02 2.789192497730255127e-01 2.766321301460266113e-01
-5.108442157506942749e-02 2.591937221586704254e-02 -4.391901791095733643e-01 -1.818932592868804932e-01 -1.653433740139007568e-01 2.276000976562500000e-01
-2.314767986536026001e-01 -4.406658411026000977e-01 -2.466202713549137115e-02 -2.646958529949188232e-01 1.299297213554382324e-01 1.068923324346542358e-01
-6.854619085788726807e-02 1.326248347759246826e-01 5.918436050415039062e-01 1.274442970752716064e-01 5.325354933738708496e-01 -3.689313679933547974e-02
5.045153200626373291e-02 1.394500769674777985e-02 -4.643654823303222656e-01 1.851960659027099609e+00 8.298694342374801636e-02 1.006613373756408691e+00
9.846762567758560181e-02 4.258413240313529968e-02 -7.618418335914611816e-02 -2.730982750654220581e-02 1.000321507453918457e+00 8.238487839698791504e-01
4.615301266312599182e-02 -4.492218606173992157e-03 6.364096999168395996e-01 -6.724724918603897095e-02 1.736073493957519531e-01 1.380909234285354614e-01
-3.393866121768951416e-02 -6.764584034681320190e-02 -9.592175483703613281e-03 -3.746855556964874268e-01 7.941487431526184082e-01 3.288917839527130127e-01
2.357826530933380127e-01 1.137557253241539001e-01 -1.929524689912796021e-01 1.055433303117752075e-01 4.904875159263610840e-01 7.968412041664123535e-01
7.821441441774368286e-02 -2.093587219715118408e-01 1.551495343446731567e-01 4.861439019441604614e-02 1.040435671806335449e+00 8.901584148406982422e-02
-1.544848363846540451e-02 8.316726423799991608e-03 3.363072872161865234e-01 -1.896102905273437500e+00 1.998931616544723511e-01 1.579534113407135010e-01
5.260623618960380554e-02 -8.023437112569808960e-02 -1.638388484716415405e-01 -1.017067134380340576e-01 6.991741061210632324e-01 2.937301993370056152e-01
