-2.930857539176940918e-01
-2.153568267822265625e-01
-1.412641763687133789e+00
-4.031664133071899414e-01
-4.740719199180603027e-01
-6.127681732177734375e-01
-3.086528480052947998e-01
-3.152398020029067993e-02
1.112016677856445312e+00
-6.809051036834716797e-01
-5.603058934211730957e-01
-7.780056595802307129e-01
-2.001128941774368286e-01
-5.558915734291076660e-01
-1.626950353384017944e-01
-1.476911902427673340e+00
2.075000703334808350e-01
-1.349364638328552246e+00
-7.680450379848480225e-02
-7.528271079063415527e-01
3.015702962875366211e-01
-1.106009364128112793e+00
-4.387944340705871582e-01
-5.170167684555053711e-01
-8.621470928192138672e-01
-7.841824293136596680e-01
1.306500911712646484e+00
-8.017888665199279785e-01
8.009617328643798828e-01
-9.333399534225463867e-01
-4.527673125267028809e-01
-5.418581962585449219e-01
3.373464047908782959e-01
-9.906028509140014648e-01
-5.391931533813476562e-02
6.171202659606933594e-02
-6.782153993844985962e-02
-1.288543581962585449e+00
-3.245307803153991699e-01
-2.302367091178894043e-01
-5.705143809318542480e-01
-2.183455675840377808e-01
2.750485837459564209e-01
-1.304591059684753418e+00
-1.065632939338684082e+00
-4.236425757408142090e-01
-1.085955619812011719e+00
-5.670878291130065918e-01
1.416508555412292480e-01
-4.228939116001129150e-01
-1.854485273361206055e-01
-3.861698806285858154e-01
-5.128440260887145996e-01
8.048721551895141602e-01
-1.534840345382690430e+00
-7.695200443267822266e-01
-1.153916001319885254e+00
-6.016882658004760742e-01
-5.948427319526672363e-01
-9.209221005439758301e-01
-1.039626479148864746e+00
-1.248222351074218750e+00
-1.708493679761886597e-01
-4.384108781814575195e-01
