-2.846158295869827271e-02 -4.762604460120201111e-02 2.023864537477493286e-03 6.083999276161193848e-01 -8.660346865653991699e-01 -1.805139333009719849e-02
-1.694210171699523926e-01 1.363110691308975220e-01 3.857343435287475586e+00 -6.573097407817840576e-02 3.878521025180816650e-01 3.880237638950347900e-01
5.586921423673629761e-02 1.908891461789608002e-02 -1.159268021583557129e-01 -6.125487685203552246e-01 -1.017029881477355957e+00 -4.302555024623870850e-01
4.409163817763328552e-02 -3.170444816350936890e-02 -1.785185933113098145e-01 1.120087981224060059e+00 -2.609409987926483154e-01 -1.473271250724792480e+00
4.234953597187995911e-02 1.990244351327419281e-02 -5.214944109320640564e-02 8.042185753583908081e-02 6.474716067314147949e-01 -1.476590186357498169e-01
-6.441762298345565796e-02 1.805086433887481689e-02 6.443402264267206192e-03 7.648152709007263184e-01 -4.785291105508804321e-02 6.423080712556838989e-02
5.145643949508666992e-01 -4.380246698856353760e-01 1.931406259536743164e-01 1.321256607770919800e-01 -1.058666631579399109e-01 -1.248114705085754395e-01
1.091334819793701172e-01 -6.524460762739181519e-02 1.774657070636749268e-01 1.285616040229797363e+00 6.797707676887512207e-01 3.467189669609069824e-01
3.316273689270019531e-01 4.391919970512390137e-01 8.067097514867782593e-02 3.355498984456062317e-02 -1.375365350395441055e-02 -9.113214910030364990e-02
-5.530682578682899475e-02 -4.858820140361785889e-02 -5.417553707957267761e-02 4.709655046463012695e-01 3.065321780741214752e-02 9.011107087135314941e-01
1.001640930771827698e-01 -4.300966486334800720e-02 2.654514610767364502e-01 -2.056712955236434937e-01 3.447155654430389404e-01 1.211290480569005013e-03
1.961388140916824341e-01 7.137166708707809448e-02 4.799795627593994141e+00 -6.708195209503173828e-01 -7.956493496894836426e-01 9.996522665023803711e-01
1.130154803395271301e-01 -7.227814197540283203e-02 5.272496938705444336e-01 7.834407091140747070e-01 7.582730054855346680e-02 1.054008528590202332e-01
5.551665648818016052e-02 4.951305687427520752e-02 7.916713505983352661e-02 3.753143846988677979e-01 -9.373342245817184448e-02 -4.858444035053253174e-01
-2.605271041393280029e-01 5.480327010154724121e-01 2.189453924074769020e-03 -1.673018634319305420e-01 -1.710748076438903809e-01 3.689047098159790039e-01
-3.954343125224113464e-02 -5.386672914028167725e-03 5.571988597512245178e-02 -2.144883722066879272e-01 1.797610670328140259e-01 1.231526374816894531e+00
5.515289902687072754e-01 -3.107513487339019775e-01 3.574008122086524963e-02 5.569944903254508972e-02 -2.717220187187194824e-01 -1.689469367265701294e-01
-9.881664998829364777e-03 7.804530113935470581e-02 2.517575621604919434e-01 1.137512996792793274e-01 1.683651208877563477e+00 2.506431341171264648e-01
-1.278759688138961792e-01 2.401125729084014893e-01 1.293372921645641327e-02 9.493923932313919067e-02 -4.906038343906402588e-01 -7.755082845687866211e-02
1.910345405340194702e-01 -1.726197600364685059e-01 1.065980434417724609e+00 2.023128569126129150e-01 -4.977426677942276001e-02 2.357952482998371124e-02
-5.877494812011718750e-01 4.637563228607177734e-01 4.601331427693367004e-02 3.672631084918975830e-02 -5.056443065404891968e-02 -1.834010332822799683e-01
-8.342883735895156860e-02 -8.192493021488189697e-02 8.270839452743530273e-01 -3.542616963386535645e-01 -2.447529315948486328e+00 -7.296412587165832520e-01
-6.410831212997436523e-01 5.650023221969604492e-01 1.831493675708770752e-01 1.763725280761718750e-01 2.140320986509323120e-01 2.129759937524795532e-01
-1.229171454906463623e-01 -1.108168512582778931e-01 -3.779693841934204102e-01 4.798661231994628906e+00 -3.974829018115997314e-01 -1.478066563606262207e+00
-7.788255810737609863e-02 -2.763799764215946198e-02 5.090016722679138184e-01 -2.321442812681198120e-01 7.226086854934692383e-01 2.856983661651611328e+00
1.403343081474304199e-01 7.201484590768814087e-02 -8.045357465744018555e-02 2.141059786081314087e-01 1.141699701547622681e-01 -1.181031227111816406e+00
-2.080579996109008789e-01 -2.777665853500366211e-01 4.445410072803497314e-01 1.082856580615043640e-01 -1.532024443149566650e-01 -3.998650982975959778e-02
4.395170835778117180e-04 2.932890132069587708e-02 4.130109786987304688e+00 -4.332984983921051025e-01 -4.951208233833312988e-01 3.916068971157073975e-01
-5.725891888141632080e-02 -3.949524462223052979e-02 2.067127078771591187e-01 1.742147058248519897e-01 2.674026191234588623e-01 6.986922025680541992e-01
-1.106893923133611679e-02 -3.936730325222015381e-02 -5.911104679107666016e-01 -1.211214214563369751e-01 1.853735893964767456e-01 9.254378825426101685e-02
-5.025643482804298401e-02 -5.465534701943397522e-02 2.569352388381958008e-01 -1.332803964614868164e-01 -1.473593115806579590e+00 -5.168250203132629395e-01
1.691692695021629333e-02 1.581248012371361256e-03 1.437792778015136719e-01 -6.111498549580574036e-02 1.018107905983924866e-01 -1.236688494682312012e+00
-6.635234951972961426e-01 6.181519031524658203e-01 -9.810321033000946045e-02 8.335181325674057007e-02 1.613512784242630005e-01 -1.901690810918807983e-01
6.218053866177797318e-03 3.364856913685798645e-02 -7.471999526023864746e-01 3.768330812454223633e-02 -4.318221658468246460e-02 -1.689196527004241943e-01
-1.528653502464294434e-02 6.650174409151077271e-02 8.735351562500000000e-01 -4.829421173781156540e-03 1.574059277772903442e-01 6.123079061508178711e-01
-1.083736424334347248e-03 1.628685928881168365e-02 -5.358017981052398682e-02 5.475879088044166565e-02 -1.239812895655632019e-01 6.599401831626892090e-01
5.557341128587722778e-02 -1.721486598253250122e-01 2.270870096981525421e-02 -9.331879764795303345e-02 6.518336534500122070e-01 -1.526364386081695557e-01
5.659412126988172531e-03 9.778765588998794556e-02 -1.509912163019180298e-01 3.952084779739379883e-01 1.591509699821472168e+00 4.465866684913635254e-01
-1.375835090875625610e-01 1.317334026098251343e-01 2.774173915386199951e-01 -1.928950697183609009e-01 -3.742716312408447266e-01 4.954225718975067139e-01
2.839292865246534348e-04 2.952170372009277344e-02 3.331504821777343750e+00 5.430017113685607910e-01 -7.203429937362670898e-01 1.648570895195007324e-01
2.552966028451919556e-02 -2.538471855223178864e-02 6.561709642410278320e-01 -4.662735387682914734e-02 -1.215012520551681519e-01 -7.511800527572631836e-02
-3.870129119604825974e-03 3.406488895416259766e-02 -1.388645917177200317e-01 -4.472584724426269531e-01 1.980706006288528442e-01 2.124893516302108765e-01
5.077589750289916992e-01 -5.255360603332519531e-01 -4.433933645486831665e-02 5.565886944532394409e-02 -1.043568626046180725e-01 -5.140377208590507507e-02
7.495159283280372620e-03 -8.807788044214248657e-02 1.234731301665306091e-01 -8.840350806713104248e-02 3.196359276771545410e-01 1.904571890830993652e+00
5.312363430857658386e-02 -1.678757667541503906e-01 -2.613520026206970215e-01 1.241548776626586914e+00 -6.038322448730468750e-01 -2.293861150741577148e+00
-7.073327153921127319e-02 4.781683161854743958e-02 5.925422534346580505e-02 -7.804404199123382568e-02 1.397982388734817505e-01 -3.218931555747985840e-01
-1.548692584037780762e-02 -1.094817221164703369e-01 1.308323144912719727e+00 -1.732814460992813110e-01 -2.980923414230346680e+00 -2.970469594001770020e-01
-4.174970462918281555e-02 6.735172867774963379e-02 -3.297025859355926514e-01 5.612935066223144531e+00 8.187289834022521973e-01 -6.288944482803344727e-01
3.445281982421875000e-01 -6.450231075286865234e-01 -2.470746170729398727e-03 -4.168344661593437195e-02 3.019488155841827393e-01 1.303112953901290894e-01
7.517823576927185059e-02 -2.862952090799808502e-02 -2.431941963732242584e-02 2.523808740079402924e-02 3.194940686225891113e-01 2.817304432392120361e-01
1.288293749094009399e-01 3.420042619109153748e-02 -5.469731986522674561e-02 2.301943302154541016e-01 4.452916085720062256e-01 2.596864998340606689e-01
5.306781828403472900e-02 -9.892006963491439819e-02 -9.526512026786804199e-02 8.917708694934844971e-02 -1.006618738174438477e+00 1.610366851091384888e-01
-5.941691622138023376e-02 3.362056612968444824e-02 5.812366306781768799e-02 7.503921389579772949e-01 -9.543767571449279785e-02 1.538122147321701050e-01
-2.358520776033401489e-01 -4.557179808616638184e-01 -1.125602237880229950e-02 9.053591638803482056e-02 1.942639239132404327e-02 3.421062137931585312e-03
2.098995633423328400e-02 -4.512654617428779602e-03 -4.097028970718383789e-01 7.245805859565734863e-01 2.136746644973754883e+00 5.602921843528747559e-01
-5.431036651134490967e-02 -3.835319355130195618e-02 -3.453106060624122620e-02 2.147814184427261353e-01 -8.521845936775207520e-01 -2.148072272539138794e-01
-4.313192889094352722e-02 6.985579431056976318e-02 4.959979951381683350e-01 4.535173252224922180e-02 -1.987766772508621216e-01 -2.105440378189086914e+00
2.148056030273437500e-02 9.438797086477279663e-02 -2.735494375228881836e-01 2.753421545028686523e+00 2.297011137008666992e+00 6.616472601890563965e-01
-4.803966730833053589e-02 -2.799747884273529053e-02 -6.015390530228614807e-02 -8.040808439254760742e-01 -1.275464892387390137e-01 1.008464246988296509e-01
3.994096443057060242e-02 8.583158254623413086e-02 1.610345005989074707e+00 -6.233148574829101562e-01 9.605304598808288574e-01 1.304608464241027832e+00
1.155968848615884781e-02 2.476895228028297424e-02 2.243824452161788940e-01 -3.355348482728004456e-02 -3.256631195545196533e-01 -5.108149051666259766e-01
1.243339758366346359e-02 -4.182082135230302811e-03 -3.777386248111724854e-01 -3.189744949340820312e-01 -3.408750891685485840e-01 -2.308762669563293457e-01
-4.661010503768920898e-01 2.850404083728790283e-01 9.376171976327896118e-02 6.453239172697067261e-02 -1.615631431341171265e-01 -1.379443556070327759e-01
6.903147697448730469e-02 1.340622901916503906e-01 3.608683869242668152e-02 7.143993675708770752e-02 9.025532603263854980e-01 6.897187232971191406e-02
