-2.758806757628917694e-02 9.633741527795791626e-02 6.449190378189086914e-01 -7.058376073837280273e-01 2.378588914871215820e-01 -1.848426647484302521e-02
6.503994762897491455e-02 -1.510700732469558716e-01 6.514179110527038574e-01 2.297252714633941650e-01 7.489514350891113281e-01 7.264501601457595825e-02
-6.893287599086761475e-02 4.566932097077369690e-02 -9.792604483664035797e-03 2.265834808349609375e-01 9.392129778861999512e-01 -1.105765253305435181e-01
3.783106803894042969e-02 -1.359577057883143425e-03 -8.545801043510437012e-02 6.478747725486755371e-02 -2.253938838839530945e-02 9.383010864257812500e-01
3.354332596063613892e-02 2.629452012479305267e-02 -3.604412376880645752e-01 3.426341712474822998e-01 1.010861039161682129e+00 2.657792866230010986e-01
-4.276972636580467224e-02 4.447701200842857361e-02 5.095014348626136780e-02 -6.786991953849792480e-01 1.787391901016235352e+00 4.594310522079467773e-01
-3.181245923042297363e-01 -4.174038171768188477e-01 -1.570608653128147125e-02 1.973781175911426544e-02 5.777894854545593262e-01 3.593990802764892578e-01
-7.837539538741111755e-03 -4.566752165555953979e-02 2.238354444503784180e+00 1.196839809417724609e-01 -5.676980596035718918e-03 6.687770783901214600e-02
-6.116762757301330566e-01 7.452740669250488281e-01 -1.589163206517696381e-02 -6.312473863363265991e-02 6.817296147346496582e-02 1.125826165080070496e-01
-4.619161784648895264e-02 -4.309442359954118729e-03 2.446854114532470703e+00 -3.654135465621948242e-01 1.661692410707473755e-01 2.258563488721847534e-01
-8.016080409288406372e-02 -2.388251572847366333e-02 5.129299759864807129e-01 -3.088242746889591217e-02 2.804249897599220276e-02 -3.467872440814971924e-01
-3.386764973402023315e-02 -6.658162176609039307e-02 5.293303169310092926e-03 -1.243924573063850403e-01 -2.613819837570190430e-01 -2.898487746715545654e-01
-6.847265362739562988e-01 7.047380805015563965e-01 1.676723808050155640e-01 9.052124619483947754e-02 2.802140712738037109e-01 2.585038244724273682e-01
-2.880856208503246307e-02 -2.193180657923221588e-02 4.764026105403900146e-01 -2.076034307479858398e+00 2.429586201906204224e-01 3.842707276344299316e-01
-2.382425218820571899e-02 1.218727752566337585e-01 -1.428888916969299316e+00 9.560029953718185425e-02 4.719173312187194824e-01 9.414120018482208252e-02
2.123142592608928680e-02 7.148701697587966919e-02 2.082509696483612061e-01 2.690708935260772705e-01 3.942191898822784424e-01 2.035414218902587891e+00
2.251459285616874695e-02 -4.565937817096710205e-02 -1.630776561796665192e-02 -7.348823547363281250e-01 -4.975555539131164551e-01 -3.957586288452148438e-01
1.170080155134201050e-02 5.685357376933097839e-02 -1.756190657615661621e-01 2.493318319320678711e+00 -1.603754460811614990e-01 -6.533320993185043335e-02
-1.036953553557395935e-02 -3.645106405019760132e-02 -2.250520467758178711e+00 2.033335119485855103e-01 4.367500245571136475e-01 -1.886586993932723999e-01
-6.144136190414428711e-02 1.412813365459442139e-01 -3.191052377223968506e-01 5.812065005302429199e-01 -3.680710680782794952e-03 2.257347404956817627e-01
-1.791071332991123199e-02 -3.111231140792369843e-02 4.509367793798446655e-02 -5.689254403114318848e-01 1.441892623901367188e+00 -4.364077001810073853e-02
-6.456380337476730347e-02 -3.182217013090848923e-03 -6.161314845085144043e-01 -2.998275160789489746e-01 -1.488952189683914185e-01 -3.104259073734283447e-01
-5.864933878183364868e-02 -5.076235160231590271e-02 3.973376452922821045e-01 -1.030877139419317245e-02 3.524804711341857910e-01 3.221938908100128174e-01
6.211032159626483917e-04 7.728641387075185776e-03 -2.460251092910766602e+00 2.803788781166076660e-01 -2.060780525207519531e-01 -1.457172185182571411e-01
-7.157592475414276123e-02 9.882520884275436401e-02 6.322994828224182129e-02 4.145413637161254883e-01 2.028072178363800049e-01 1.724689304828643799e-01
-1.461133267730474472e-02 1.908533088862895966e-02 -2.715649604797363281e-01 2.230974912643432617e+00 2.305323183536529541e-01 2.186178117990493774e-01
5.236171558499336243e-02 7.521475106477737427e-02 6.856473535299301147e-02 -9.563834071159362793e-01 2.970356643199920654e-01 2.191543728113174438e-01
5.431291460990905762e-01 -6.717873811721801758e-01 -6.616269797086715698e-02 -8.430749922990798950e-02 4.291159212589263916e-01 3.256816267967224121e-01
8.629311919212341309e-01 2.596227526664733887e-01 1.479358691722154617e-02 1.039167046546936035e-01 2.020576000213623047e-01 2.138497829437255859e-01
7.126239594072103500e-03 6.776317954063415527e-02 8.852903246879577637e-01 4.044936597347259521e-02 -2.097716927528381348e-01 2.382331490516662598e-01
-9.786834716796875000e-01 1.050364732742309570e+00 -1.345711350440979004e-01 -1.156999692320823669e-01 4.449185431003570557e-01 4.724173247814178467e-01
6.670425087213516235e-02 -1.120413690805435181e-01 -9.705875068902969360e-02 4.142673611640930176e-01 -1.643359959125518799e-01 -7.219681143760681152e-02
-5.693899393081665039e-01 3.124634623527526855e-01 -2.100502140820026398e-02 -1.330956164747476578e-02 -3.562813401222229004e-01 -1.661802381277084351e-01
-3.839155659079551697e-02 6.281491369009017944e-02 -5.379673838615417480e-02 7.515650987625122070e-02 -4.671278968453407288e-02 1.166737675666809082e+00
5.082230567932128906e-01 -3.434333205223083496e-01 -3.064140677452087402e-01 2.557339668273925781e-01 1.344318240880966187e-01 5.796140432357788086e-02
-4.178752657026052475e-03 3.781188651919364929e-02 -9.763123095035552979e-02 -5.277704000473022461e-01 1.415038704872131348e-01 1.980371773242950439e-02
-2.412325330078601837e-02 7.527502626180648804e-02 3.312112092971801758e-01 1.896073937416076660e+00 1.265310168266296387e+00 1.576380133628845215e-01
-1.924168169498443604e-01 1.124992370605468750e-01 -8.548683673143386841e-02 -1.878380477428436279e-01 7.788572311401367188e-01 5.199961662292480469e-01
4.459717497229576111e-02 2.231608331203460693e-02 -1.268262147903442383e+00 4.452367424964904785e-01 9.457342326641082764e-02 1.472112178802490234e+00
4.771071374416351318e-01 -3.114270865917205811e-01 -4.432399943470954895e-02 -4.346923157572746277e-02 2.674923241138458252e-01 3.838255405426025391e-01
4.240890145301818848e-01 -4.952505528926849365e-01 2.913853526115417480e-01 -3.779141306877136230e-01 -6.879705935716629028e-02 2.542182616889476776e-02
-7.812450081110000610e-02 7.104203850030899048e-02 -5.310249328613281250e-01 6.229826807975769043e-01 -5.480491742491722107e-02 -3.044572845101356506e-02
-5.791952461004257202e-02 -6.864061206579208374e-02 2.368977218866348267e-01 6.521466374397277832e-02 2.753126919269561768e-01 1.179815888404846191e+00
8.216595649719238281e-02 -2.300476422533392906e-03 -1.609974503517150879e-01 8.199999332427978516e-01 -1.401943862438201904e-01 -3.264085948467254639e-01
-2.894263714551925659e-02 3.388863801956176758e-02 1.258562356233596802e-01 6.494342088699340820e-01 5.123328566551208496e-01 1.282037496566772461e+00
-5.493514239788055420e-02 1.202605944126844406e-02 2.480368375778198242e+00 -6.751721501350402832e-01 1.966512799263000488e-01 1.522961705923080444e-01
2.466211281716823578e-02 5.412068217992782593e-03 1.611411720514297485e-01 -2.290563583374023438e+00 1.247536838054656982e-01 1.581612527370452881e-01
-3.459566459059715271e-02 4.906027764081954956e-02 2.604600191116333008e-01 -2.934392392635345459e-01 -1.036247890442609787e-02 -7.268095016479492188e-02
1.935774385929107666e-01 -1.414622366428375244e-01 8.695996552705764771e-02 -9.519112855195999146e-02 1.056839823722839355e+00 1.474627256393432617e-01
2.977571450173854828e-02 -9.198511391878128052e-02 5.358190834522247314e-02 1.155997753143310547e+00 8.597991615533828735e-02 2.591935358941555023e-02
-1.961035653948783875e-02 -1.689935103058815002e-02 -3.714953362941741943e-01 -3.053886890411376953e-01 1.870076358318328857e-02 -6.751429289579391479e-02
4.807573556900024414e-02 -1.767547056078910828e-02 -2.071825504302978516e+00 3.426531851291656494e-01 -6.070578843355178833e-02 1.544988304376602173e-01
3.438781574368476868e-02 -1.592721790075302124e-02 -1.240282773971557617e+00 4.361433908343315125e-02 1.008495911955833435e-01 8.574161529541015625e-01
-2.869412302970886230e-02 7.590557634830474854e-02 -3.315418362617492676e-01 -1.885689795017242432e-01 4.396925568580627441e-01 9.588098526000976562e-01
-7.635874301195144653e-02 2.042010277509689331e-01 2.240996807813644409e-01 -1.468742936849594116e-01 9.315152168273925781e-01 1.141920909285545349e-01
7.563886046409606934e-02 -3.466769307851791382e-02 7.696759700775146484e-01 3.101482689380645752e-01 -1.792121380567550659e-01 2.499669790267944336e-01
-7.561290264129638672e-02 -1.107619181275367737e-01 1.410183310508728027e-01 -1.942552328109741211e+00 6.721267849206924438e-02 5.372814536094665527e-01
-1.333805266767740250e-02 1.139293424785137177e-02 -2.488229274749755859e-01 1.767745733261108398e+00 2.479058206081390381e-01 -7.269097864627838135e-02
6.238330528140068054e-02 -2.294945344328880310e-02 -1.395320892333984375e-01 -1.361042112112045288e-01 -1.067773476243019104e-01 1.289563894271850586e+00
1.083838380873203278e-02 -2.262915484607219696e-02 1.863505840301513672e+00 -7.438315749168395996e-01 4.956657811999320984e-02 -1.507392618805170059e-02
7.644112408161163330e-02 -6.279308348894119263e-02 -7.178568243980407715e-01 -3.923813998699188232e-01 2.950167179107666016e+00 6.617807745933532715e-01
5.874420404434204102e-01 -7.051800489425659180e-01 7.186823338270187378e-02 7.832286506891250610e-02 3.642729222774505615e-01 2.731003463268280029e-01
1.467428654432296753e-01 -1.510259360074996948e-01 -5.336711406707763672e-01 4.017266929149627686e-01 -8.094077929854393005e-03 1.122773438692092896e-01
-2.642116323113441467e-02 4.067117720842361450e-02 1.864282041788101196e-01 -1.937136292457580566e+00 -5.684580653905868530e-02 5.378684401512145996e-02
